x <- 12345
## it is working! :)
