
x <- 12345
## is it working?
